7
14
15
16
17
21
22
23
25
25
27
30
31
32
13
15
16
17
17
18
27
32
33
34
36
36
6
8
10
12
12
23
27
29
32
35
41
0
6
19
21
21
24
24
28
30
32
41
41
42
42
42
42
43
3
8
10
11
12
17
29
31
34
38
44
45
45
45
46
48
48
48
49
49
49
50
51
51
51
51
52
52
53
53
54
54
55
0
7
22
30
33
37
37
41
42
52
55
57
57
59
59
59
60
60
60
61
62
62
62
62
62
64
64
65
66
66
66
66
67
67
68
68
69
69
70
70
70
71
71
71
71
72
72
73
73
74
74
74
75
78
78
79
80
80
81
9
23
24
28
56
61
63
76
77
80
81
82
82
83
83
84
84
84
85
85
85
85
87
88
88
88
88
89
15
28
42
48
69
81
83
85
86
87
90
90
90
91
91
91
91
91
93
93
94
94
94
95
95
96
97
97
97
98
98
99
99
99
100
16
43
45
50
58
60
71
74
75
87
101
101
101
101
102
102
102
103
103
103
103
103
104
104
104
104
105
106
106
106
0
6
7
26
39
74
90
92
97
103
107
107
107
108
108
108
108
109
109
109
110
111
111
111
111
112
112
112
112
113
113
114
114
116
120
120
120
120
120
120
120
121
122
122
13
21
23
41
51
57
57
70
74
106
124
124
6
23
31
52
60
68
82
96
107
112
125
125
126
126
127
127
100
100
101
101
103
109
111
111
116
116
128
129
129
131
131
11
16
37
70
76
96
97
112
114
115
132
132
132
133
133
134
134
134
135
21
70
71
82
88
92
94
123
132
134
135
135
135
135
34
35
43
52
53
68
81
122
126
127
26
118
121
121
124
126
128
130
131
132
137
138
138
138
138
139
139
140
140
140
140
32
45
50
79
82
83
84
88
99
102
141
142
142
142
142
142
142
143
143
144
144
144
145
145
145
145
145
146
146
148
148
148
148
149
149
149
149
150
150
151
151
152
152
153
154
154
154
154
155
155
156
156
157
157
157
157
158
158
159
159
159
159
21
25
55
64
78
115
128
131
141
155
159
160
160
160
161
161
161
162
162
163
163
163
164
164
164
165
165
165
166
166
167
121
131
137
137
139
140
148
164
165
167
168
168
169
169
76
90
107
137
139
139
143
155
157
160
169
169
170
171
171
171
172
172
173
173
174
174
175
175
176
176
176
176
176
139
140
143
144
149
156
157
157
159
160
177
178
180
180
180
180
180
180
181
126
140
152
154
156
157
157
171
180
181
181
181
181
182
25
36
48
52
104
111
113
122
127
155
182
182
182
183
183
183
183
183
184
184
185
185
185
186
186
186
187
187
187
187
187
188
188
188
189
189
189
189
190
190
191
191
18
46
80
85
99
114
116
133
157
189
192
192
192
193
193
194
194
194
194
195
195
195
195
196
196
197
197
197
197
197
197
199
199
199
199
199
199
200
200
208
208
208
212
212
213
213
214
215
215
215
216
216
216
216
126
152
154
156
156
180
182
184
187
199
216
216
217
217
217
217
217
218
218
218
219
219
219
222
222
222
222
222
223
223
223
224
224
224
224
224
225
225
225
226
226
226
226
227
227
227
228
229
229
229
229
229
7
15
37
52
53
56
72
129
166
216
230
230
230
231
231
231
231
231
232
232
232
233
233
233
234
234
235
235
235
235
235
235
236
236
236
237
13
15
52
61
93
125
220
223
226
235
237
237
237
238
242
242
242
243
243
243
244
244
244
244
246
246
15
32
57
62
89
143
166
231
232
234
247
247
248
248
249
249
250
250
251
252
252
252
252
253
33
57
64
65
73
108
139
150
232
247
253
253
253
253
254
254
254
254
254
255
255
255
256
256
256
256
256
257
257
257
257
258
258
258
258
258
259
259
259
259
259
260
260
260
9
41
44
50
78
79
131
199
208
217
261
261
262
262
264
264
265
266
267
267
16
17
41
51
84
91
102
197
258
260
267
268
269
269
269
269
270
270
270
270
270
270
270
270
271
271
271
271
271
275
275
275
275
276
276
276
278
278
278
279
279
279
280
280
280
280
281
281
283
283
283
283
285
285
285
285
286
286
286
286
288
288
288
288
288
289
6
37
62
79
79
124
128
184
188
215
289
289
290
290
290
290
291
294
295
295
296
296
296
296
297
297
297
297
297
297
297
297
298
298
299
299
299
300
300
301
301
301
302
302
303
303
303
303
303
304
313
313
313
313
313
314
314
314
25
28
63
73
84
89
91
279
304
313
314
315
315
315
315
315
315
315
316
316
317
317
318
318
319
319
320
320
321
323
323
323
323
324
324
324
324
325
325
325
325
325
325
326
326
326
326
327
121
122
140
144
148
157
181
185
188
218
327
327
327
327
327
328
328
329
329
330
330
330
330
331
331
332
332
332
332
332
339
339
340
340
340
340
340
340
341
341
341
341
341
341
341
343
343
343
343
344
344
344
344
344
344
344
345
345
346
346
346
346
347
347
348
348
349
349
350
350
350
351
351
351
351
351
351
146
166
177
180
225
230
231
232
234
243
351
351
352
352
352
352
353
353
353
353
356
356
356
357
357
357
357
71
122
133
155
174
303
303
305
309
310
358
358
358
358
359
359
359
360
360
15
30
33
166
176
183
226
232
236
271
360
360
360
361
361
361
54
59
65
79
144
168
200
236
279
344
361
361
361
361
363
364
364
364
364
365
365
365
366
366
367
367
367
367
368
368
368
368
369
370
370
135
177
213
215
289
324
328
342
345
349
370
371
374
374
374
374
375
375
375
375
376
376
376
376
376
376
376
378
378
378
378
378
379
379
379
379
380
380
356
359
361
363
367
371
374
375
379
379
380
380
381
304
314
370
372
373
375
376
377
378
379
381
381
381
381
381
382
382
382
382
382
382
383
383
383
383
51
57
74
106
160
161
217
252
253
326
383
384
384
384
384
385
385
385
386
386
6
90
103
120
132
169
176
213
303
314
386
386
387
387
387
389
389
390
390
390
390
391
391
391
391
392
392
392
392
393
393
393
394
394
394
394
395
395
395
395
396
396
396
396
396
397
397
397
397
397
398
399
399
399
399
399
400
400
400
400
401
401
401
402
402
402
402
403
403
404
404
405
405
405
405
405
406
406
406
407
407
407
410
410
410
411
411
411
415
415
415
415
415
415
415
415
415
416
416
416
417
417
417
418
418
418
418
418
419
419
67
112
140
235
235
255
317
323
380
406
419
419
419
420
14
42
64
138
167
230
232
254
344
411
420
420
420
420
420
421
421
421
421
421
422
422
422
424
101
120
133
154
157
180
189
194
280
420
424
425
425
425
427
427
427
427
427
428
428
428
428
428
428
429
429
429
430
430
430
430
430
431
431
431
431
431
431
160
266
297
304
306
307
313
315
315
315
432
432
432
432
432
432
433
433
29
30
41
64
113
138
253
254
341
392
435
435
435
435
436
436
436
169
175
213
324
324
326
343
352
386
436
436
436
437
437
438
438
438
438
438
439
439
439
439
440
440
440
440
441
441
441
442
442
443
443
443
443
444
444
444
445
139
152
155
171
173
178
180
190
195
442
445
445
445
445
445
446
446
446
446
446
447
447
447
447
448
44
46
69
75
82
90
289
320
420
436
448
448
449
449
449
449
449
450
59
59
60
276
277
277
317
319
325
356
450
450
450
451
451
451
451
451
451
133
134
137
248
249
261
262
350
445
446
452
452
452
453
453
454
454
454
454
455
455
455
455
456
456
457
457
457
457
458
458
459
463
463
463
464
464
464
464
464
464
465
465
465
465
465
466
466
466
467
467
467
468
468
468
469
469
469
470
470
470
472
472
472
472
472
472
473
474
474
474
474
474
475
475
475
475
475
476
476
477
478
478
478
478
478
478
479
479
479
479
480
480
480
480
480
481
482
482
52
58
70
94
230
281
339
349
350
375
482
483
483
483
484
66
80
86
95
213
363
370
379
472
482
484
484
484
485
485
485
485
485
485
486
486
486
486
487
487
487
487
488
488
488
489
489
489
494
494
494
24
64
95
150
295
374
410
472
482
484
495
495
496
496
496
496
496
496
497
499
499
499
273
274
275
275
283
283
285
285
445
445
499
499
500
500
500
500
501
501
501
501
502
502
502
502
502
502
502
503
503
503
503
504
504
504
504
504
504
504
505
506
506
506
507
507
507
507
507
508
508
509
509
509
510
510
511
511
511
511
511
512
512
512
512
512
512
512
513
513
513
514
515
515
515
515
515
515
515
515
517
517
517
517
518
518
518
518
518
519
519
519
519
519
520
520
520
520
520
520
521
521
521
522
526
526
526
526
528
528
528
528
529
529
529
529
530
530
530
530
530
530
531
531
531
531
21
70
123
132
135
138
229
231
395
526
531
531
532
532
533
533
533
533
533
533
533
533
533
533
534
534
534
534
535
537
537
537
537
537
537
538
538
538
538
8
166
218
223
225
346
363
389
390
466
538
540
540
540
540
540
541
541
541
8
8
55
56
408
410
411
413
497
538
542
542
542
542
542
542
543
543
543
25
36
41
48
85
129
177
288
318
405
543
543
544
544
544
191
192
196
196
301
321
331
341
344
345
544
544
545
545
545
546
546
546
546
546
547
547
547
547
547
547
547
178
181
186
279
416
418
424
500
512
545
548
548
548
548
548
548
548
548
548
548
548
549
549
550
550
550
550
550
551
551
551
552
552
553
553
553
553
553
554
554
555
555
54
73
73
77
255
415
477
481
511
552
555
556
556
556
557
557
557
557
557
558
558
558
559
560
560
560
150
175
229
326
327
386
411
422
497
506
560
560
560
560
560
560
561
561
561
561
562
562
562
562
564
564
565
565
565
565
566
566
13
63
65
208
326
468
470
514
520
544
567
567
567
567
567
567
567
568
568
568
568
569
569
569
242
418
439
441
501
504
507
549
554
566
569
569
570
570
570
570
570
572
572
572
573
573
573
573
573
574
574
574
27
30
32
50
76
242
296
379
488
568
574
574
576
576
576
576
576
129
164
192
256
270
390
392
438
543
570
577
577
577
578
578
578
578
579
579
579
579
580
580
580
580
581
581
581
581
581
581
581
581
582
582
582
583
583
583
584
584
585
585
585
585
585
586
586
586
586
586
586
586
586
586
586
587
587
587
587
81
122
134
135
217
229
242
452
553
565
587
587
587
588
588
588
588
588
589
590
17
114
134
164
319
439
467
476
520
563
590
590
590
591
591
591
591
139
313
349
350
430
448
469
517
518
584
592
592
592
592
592
592
593
58
75
170
199
296
302
441
484
513
561
593
593
593
595
595
595
595
595
596
596
597
597
50
52
54
55
63
68
69
399
404
566
597
598
598
599
599
599
599
94
345
360
361
368
381
443
457
578
596
599
600
600
600
600
600
601
601
33
50
55
63
115
212
232
269
369
443
601
601
602
602
602
603
603
604
604
604
604
605
605
606
606
606
606
606
607
607
607
608
609
609
13
59
61
62
92
108
183
199
278
520
610
610
610
610
611
611
611
611
612
612
612
612
612
612
613
613
613
613
614
616
616
616
616
616
616
616
616
616
616
617
617
617
617
617
618
618
618
618
618
10
29
46
233
242
278
410
444
482
553
618
619
619
619
620
620
620
620
620
620
620
620
620
621
621
621
621
621
622
28
165
171
172
363
392
427
433
439
441
622
622
622
622
622
623
623
275
283
285
478
572
573
574
575
593
609
623
624
624
624
624
624
624
624
625
625
625
625
626
626
626
626
626
626
627
627
627
627
627
628
628
628
628
628
628
629
629
629
629
629
631
631
631
631
631
632
632
91
95
128
135
175
454
466
543
565
570
632
633
633
633
634
634
634
634
634
635
635
635
635
636
636
636
636
637
637
637
639
640
640
640
640
640
640
640
641
641
642
642
642
642
643
643
643
644
644
644
644
646
646
646
647
648
648
26
124
151
218
319
478
582
631
646
647
648
649
649
650
650
650
651
45
158
177
417
430
554
556
585
629
640
651
651
652
652
652
652
653
653
653
653
653
654
654
654
654
654
654
25
313
352
391
418
422
440
509
549
567
654
655
655
655
656
657
657
657
657
658
658
658
658
658
658
658
43
66
132
148
303
391
435
438
531
648
659
659
659
660
660
660
660
660
660
661
661
661
662
662
662
662
663
663
663
663
663
664
664
664
664
664
664
664
665
666
666
666
666
666
667
31
50
55
63
317
403
552
591
635
655
668
669
669
670
670
670
670
670
670
670
670
150
215
258
295
439
499
512
582
626
667
671
671
671
671
671
671
671
671
671
671
671
671
672
672
672
672
672
672
672
152
272
506
581
584
587
590
595
595
597
672
672
673
673
674
674
674
674
675
675
675
675
676
677
679
679
679
679
680
680
680
680
680
680
681
681
681
682
682
682
683
37
63
219
257
591
616
651
655
657
659
683
683
684
684
685
686
686
686
687
688
688
688
688
689
689
689
138
230
253
342
345
382
539
552
598
652
690
690
690
690
690
691
691
691
691
691
691
691
692
692
692
692
693
693
693
693
693
694
694
694
694
694
695
695
695
695
695
696
696
697
697
697
698
698
699
699
699
699
700
700
701
701
701
701
701
701
701
702
702
269
369
395
398
438
483
496
507
530
652
702
702
702
703
703
703
703
703
704
706
706
707
707
707
707
708
709
6
146
218
444
511
571
620
653
654
705
712
712
712
712
712
712
712
712
713
80
85
99
192
208
286
351
375
376
699
713
714
723
725
725
725
725
726
726
726
727
44
50
60
131
480
657
661
663
692
725
727
727
728
729
729
729
729
729
729
730
74
111
159
324
325
465
568
642
671
702
730
730
8
62
68
349
352
365
376
383
404
408
731
731
732
732
733
733
733
733
733
733
733
734
734
734
737
737
737
737
737
737
737
738
738
739
739
740
740
740
740
740
741
741
741
741
741
742
742
743
743
743
743
743
743
743
744
744
744
744
745
745
745
745
745
746
746
42
102
112
113
215
476
480
620
640
660
746
746
746
746
747
747
747
747
747
747
747
747
749
751
751
751
751
752
51
54
63
95
196
236
430
433
628
701
752
752
753
753
753
753
754
754
754
754
754
754
754
755
755
755
755
756
756
756
756
757
757
757
757
757
758
758
758
758
758
758
759
759
759
759
759
24
41
47
48
124
167
223
476
644
667
759
759
760
760
760
760
761
761
761
761
762
762
763
763
763
763
763
764
764
764
764
764
765
765
766
436
436
578
579
670
671
705
710
723
768
770
210
312
427
428
431
434
485
491
597
769
771
772
190
195
357
360
361
428
430
670
672
742
774
774
774
777
199
208
428
584
585
591
631
637
707
764
779
779
779
779
779
779
779
735
737
739
740
742
745
747
751
754
766
780
781
783
783
783
783
783
783
783
783
784
784
784
784
784
784
785
785
785
785
785
785
785
785
786
152
153
154
155
162
170
171
596
599
757
786
787
9
22
25
27
38
41
42
218
542
605
787
787
787
788
788
788
788
788
788
789
789
789
790
790
790
791
791
791
791
37
242
253
326
393
463
474
539
552
565
791
791
792
25
27
49
51
53
112
743
784
788
790
792
792
792
792
792
793
793
793
793
793
793
793
793
793
794
794
794
794
794
794
794
794
794
794
794
795
796
796
796
797
797
797
797
797
797
798
798
798
798
798
799
799
799
799
799
799
800
800
800
800
801
802
804
804
804
37
102
741
743
758
762
783
784
784
793
804
804
804
804
805
805
805
805
805
805
805
806
806
806
806
806
807
807
807
807
807
807
23
49
152
182
227
236
238
442
612
670
807
807
808
808
808
808
189
194
303
305
370
443
752
761
767
806
808
808
809
809
809
809
809
809
810
810
810
810
810
810
183
192
197
226
227
236
237
415
533
550
811
811
811
811
813
814
815
815
815
815
815
815
817
817
817
817
817
817
817
818
178
225
500
769
771
785
786
789
805
809
818
818
818
818
818
819
819
819
819
819
819
820
822
824
824
824
824
824
826
826
827
827
829
829
829
829
829
829
829
829
829
830
830
830
830
831
833
833
833
95
472
482
484
499
511
538
581
610
634
833
833
833
834
834
834
834
834
834
835
835
835
835
836
837
837
837
837
837
837
74
128
131
132
213
324
400
450
580
613
838
838
838
839
839
839
839
840
840
840
840
840
238
239
246
246
246
353
440
442
657
738
840
840
841
841
841
841
841
841
841
842
842
842
842
842
842
842
842
842
843
843
843
843
843
844
844
844
844
844
845
845
845
845
689
690
698
711
713
745
837
839
840
844
846
846
846
846
846
846
846
846
847
847
847
847
847
848
713
723
831
834
836
838
841
842
844
845
849
849
850
850
850
851
851
851
851
852
852
854
854
854
854
855
855
855
857
857
858
858
858
859
859
859
859
859
860
860
127
213
356
364
400
449
466
797
798
849
860
860
860
861
861
861
861
862
862
862
862
862
862
863
863
863
863
863
864
864
864
864
864
864
865
865
435
617
667
677
679
681
695
733
735
855
865
865
865
866
866
866
866
866
868
868
868
868
868
868
868
868
869
869
869
869
869
870
870
870
871
871
871
871
872
872
872
872
872
873
873
873
873
873
873
873
873
873
874
874
874
874
874
875
875
876
876
876
878
878
878
878
878
878
879
879
879
879
880
880
880
881
881
881
881
881
881
881
881
882
882
882
882
882
882
883
883
883
883
883
883
885
885
885
885
885
885
885
885
886
886
886
886
886
887
887
887
887
887
887
887
888
888
888
888
189
190
194
196
303
476
650
659
872
874
889
889
889
889
889
890
890
892
892
892
892
892
892
892
13
34
197
224
288
319
435
450
545
554
892
893
893
893
893
893
894
895
895
895
895
895
895
895
895
896
896
897
897
897
897
897
898
898
898
898
898
898
898
898
899
899
900
900
900
900
900
901
901
902
902
903
903
903
903
904
905
905
905
905
906
906
906
906
906
124
128
169
553
643
741
742
744
744
751
907
907
907
907
908
908
909
910
910
910
910
910
910
911
911
911
911
399
448
649
656
729
738
859
875
899
903
911
912
912
913
913
913
913
913
914
914
914
914
914
914
915
915
915
915
915
915
915
915
915
916
916
916
916
916
916
916
917
917
917
917
917
917
917
918
918
918
919
919
919
919
919
919
919
919
921
921
921
921
921
921
922
922
922
923
923
923
923
924
924
924
924
924
88
149
350
584
595
602
708
893
922
923
925
925
925
925
926
926
926
926
926
926
927
927
928
928
928
928
929
930
930
930
930
930
931
931
931
931
932
932
66
146
368
382
486
513
570
618
733
806
932
932
932
932
933
933
933
934
934
934
934
934
935
935
935
935
935
935
936
936
937
937
937
937
938
939
939
939
939
939
939
939
940
940
940
940
941
941
941
941
941
941
941
941
941
942
942
942
942
942
942
944
944
944
944
945
945
945
945
946
946
946
946
946
946
946
946
947
947
947
947
947
947
948
948
948
948
404
421
443
561
599
680
762
788
795
930
948
201
435
436
622
624
704
709
714
766
802
949
949
949
949
950
950
950
950
950
951
951
954
954
954
954
954
955
955
955
955
955
955
956
956
957
957
957
957
958
959
959
959
959
959
960
960
960
960
960
961
961
961
961
134
150
175
229
231
440
488
518
911
949
962
962
962
963
964
964
964
964
964
163
410
545
590
636
732
753
753
830
931
964
965
965
965
965
965
965
965
966
966
966
966
966
966
966
967
968
968
968
969
969
969
969
969
970
970
970
970
970
970
970
970
971
971
971
971
972
973
973
975
975
975
975
975
975
975
976
976
976
976
976
976
977
977
977
977
977
977
360
362
368
381
457
596
599
628
658
881
979
979
979
979
979
979
979
979
981
981
981
981
981
981
982
982
982
982
982
982
982
983
983
983
983
983
984
984
984
987
987
987
987
199
208
236
255
260
302
428
485
521
573
987
987
988
988
988
991
