13
15
16
17
17
18
27
32
33
34
36
41
42
45
51
51
53
54
54
55
57
59
60
62
66
71
72
73
73
74
81
84
91
93
94
95
99
102
106
116
121
134
135
148
151
157
160
161
169
175
176
195
197
216
217
224
225
226
232
232
236
252
253
254
258
259
260
267
270
278
288
295
297
303
326
327
344
347
348
351
353
356
358
360
361
361
363
371
383
383
386
392
399
402
410
415
420
421
427
428
429
432
432
433
443
453
455
457
466
472
482
483
489
496
497
504
512
518
526
528
535
537
540
542
548
548
550
550
553
554
558
574
580
581
583
585
586
587
588
597
598
599
612
616
621
622
623
625
628
628
631
640
640
665
666
670
671
671
677
680
681
682
689
698
701
701
729
730
741
751
759
761
774
794
796
810
817
817
824
829
831
854
862
863
865
868
871
879
883
895
897
898
907
911
913
916
919
926
930
934
939
941
941
946
949
965
966
976
979
982
983
983
983
987
