6
8
10
12
12
23
27
29
32
35
55
61
62
66
71
72
78
82
84
88
88
90
91
94
97
98
101
101
103
103
104
120
126
127
132
133
141
143
146
149
152
154
156
157
166
168
169
171
176
178
180
180
181
182
186
189
189
194
195
199
199
213
215
222
223
224
226
227
230
232
236
237
242
259
276
276
276
279
280
289
296
297
298
298
303
303
314
324
325
339
344
350
350
357
360
368
370
370
379
382
384
386
387
396
399
402
415
415
415
416
420
420
424
425
427
431
438
442
443
444
448
448
449
451
452
455
457
459
468
469
483
484
486
487
488
499
500
507
509
511
512
513
515
515
526
528
529
533
533
534
545
547
548
551
562
570
576
581
584
584
586
586
586
587
595
596
599
602
602
612
617
618
622
631
634
635
637
640
653
659
664
666
669
670
671
672
672
672
674
675
675
679
686
687
689
690
691
701
702
703
708
712
727
729
733
737
742
743
744
744
745
752
763
764
772
777
783
784
785
792
793
793
794
796
798
800
804
805
806
807
810
810
829
834
841
846
847
849
861
864
871
887
892
893
910
914
915
921
922
923
923
925
926
928
930
930
931
931
932
944
948
948
955
956
960
961
965
966
969
970
975
977
979
982
