6
11
12
21
25
25
27
29
35
36
44
48
52
55
58
61
67
72
78
88
91
92
104
111
111
113
115
122
127
146
149
155
158
162
165
182
183
185
186
188
214
218
226
230
237
242
255
256
266
270
270
271
286
297
299
313
315
325
350
350
354
356
357
358
369
374
375
376
378
379
380
383
395
400
404
405
405
411
416
416
424
425
430
431
439
441
446
452
465
468
473
475
482
488
495
500
501
503
504
519
521
546
550
552
560
568
574
580
584
584
591
595
595
599
602
610
616
620
625
631
634
636
641
644
646
651
653
653
661
662
669
682
686
690
708
725
732
734
737
740
743
745
745
757
758
769
771
784
787
795
798
805
808
809
816
818
830
846
847
847
854
855
860
869
871
877
885
886
892
893
900
922
923
923
925
940
940
955
957
979
988
