3
8
10
11
12
17
29
31
34
38
46
51
52
59
62
64
65
68
69
70
71
74
75
82
83
88
91
94
97
100
104
107
110
112
114
125
135
138
142
148
150
161
163
164
172
176
180
183
186
187
191
192
196
217
219
222
224
229
233
258
288
290
296
300
303
314
318
319
329
332
341
346
351
358
361
364
364
365
376
381
385
387
389
394
394
399
402
402
407
410
417
418
421
431
432
444
454
456
464
466
486
494
495
502
506
520
529
531
532
533
538
545
546
555
557
564
569
573
576
579
581
585
588
589
592
600
613
616
624
627
632
633
642
644
658
662
668
671
675
682
683
684
693
695
700
725
728
729
731
741
743
744
753
755
756
757
764
764
785
786
787
789
789
789
792
794
799
805
808
809
817
819
830
846
854
857
864
865
872
876
880
881
888
889
898
902
904
905
909
913
916
924
937
941
942
944
955
957
958
963
972
973
991
