15
28
42
48
69
81
83
85
86
87
91
101
109
120
133
135
142
144
149
154
157
174
180
181
185
189
194
216
231
242
244
254
257
257
258
259
271
279
280
281
299
313
315
340
343
347
348
349
351
353
360
361
364
367
375
375
376
378
379
381
390
393
393
396
397
419
420
421
424
425
438
445
447
447
474
478
478
486
487
496
502
507
512
515
519
533
543
547
550
561
569
578
595
599
601
604
607
608
633
654
655
672
680
733
747
757
758
783
784
785
791
804
805
818
834
840
842
860
869
881
921
933
939
954
961
964
966
970
977
