46
56
61
65
68
71
74
81
86
93
103
107
108
121
130
130
132
134
144
150
171
175
184
188
192
196
216
217
220
221
223
259
264
275
280
288
294
311
312
324
329
329
330
349
363
366
383
385
399
430
430
436
439
440
441
453
461
462
463
466
467
468
471
485
491
495
496
496
505
513
513
522
523
529
530
541
543
549
556
571
574
580
582
591
597
606
614
615
617
618
636
638
670
674
677
686
694
701
708
713
713
720
725
725
729
733
742
751
756
762
769
772
774
780
783
786
792
794
794
804
805
813
830
834
839
860
882
889
892
898
901
904
906
906
921
923
937
940
960
963
972
976
985
988
989
999
1002
1019
1039
1040
1040
1053
1054
1060
1070
1072
1079
1089
1090
1099
1100
1109
1137
1138
1138
1140
1159
1159
1179
1182
1216
1228
