46
68
74
75
80
85
86
93
97
99
103
103
106
107
110
113
114
118
118
120
120
121
142
149
150
156
157
166
168
171
175
180
183
186
187
197
199
201
203
209
211
214
214
215
216
221
225
225
231
232
237
237
258
261
271
272
273
275
276
280
282
286
288
294
316
336
336
336
340
341
352
362
363
364
364
370
370
384
398
399
416
422
430
430
440
443
452
455
455
467
470
473
475
476
486
490
493
512
512
512
513
517
517
522
523
526
530
540
544
546
547
551
551
552
554
556
559
561
564
574
575
592
593
595
596
597
613
614
622
624
627
628
629
631
631
645
648
649
653
653
654
669
671
672
675
688
696
704
710
713
713
715
715
715
716
725
726
729
733
733
744
752
753
758
769
772
773
775
779
794
801
807
810
813
814
815
816
816
816
819
820
820
827
834
835
838
839
840
851
852
853
860
866
884
886
891
898
903
904
905
905
906
916
929
930
942
949
959
960
961
969
970
970
971
973
976
978
984
985
986
987
990
990
1018
1026
1034
1039
1040
1043
1061
1064
1072
1091
1099
1100
1122
1127
1128
1136
1137
1138
1138
1140
1142
1145
1148
1148
1149
1149
1150
1164
1169
1169
1179
1180
1186
1188
1193
1195
1200
1202
1211
1213
1216
1219
