33
35
39
40
41
45
53
53
54
55
56
57
61
61
61
62
62
64
65
66
70
72
73
75
77
80
81
82
83
85
88
93
95
95
96
98
99
100
100
100
102
103
104
106
107
109
112
114
115
115
119
120
121
122
124
126
126
127
130
130
130
131
132
142
144
147
148
150
152
152
158
165
169
170
175
175
181
184
184
187
188
188
189
189
192
194
196
203
203
208
210
216
217
217
220
222
222
223
227
228
233
234
237
251
251
257
261
273
275
279
283
283
284
284
285
285
285
286
288
289
295
295
301
308
308
309
309
311
311
312
312
312
314
316
317
324
325
325
328
329
329
329
330
341
342
349
349
351
353
362
363
363
363
366
368
369
383
383
383
385
385
386
388
390
397
398
399
399
400
405
405
417
418
421
422
429
431
431
432
433
439
440
441
442
443
444
448
450
455
461
461
462
463
463
463
466
466
468
468
469
471
475
476
479
481
482
484
485
487
487
488
491
492
495
495
496
496
497
505
514
515
515
516
516
516
518
519
526
527
527
529
529
529
531
536
537
540
541
542
543
548
549
554
557
558
558
560
569
569
570
570
571
571
576
579
583
588
588
591
593
594
594
614
615
615
616
617
617
618
618
618
621
622
624
628
635
635
636
637
637
638
648
649
651
652
661
664
667
667
668
671
672
673
674
677
679
683
683
686
686
687
691
691
693
693
693
694
694
695
699
700
700
701
701
704
706
707
712
715
720
721
721
722
725
725
727
729
731
731
733
735
737
741
742
743
744
751
751
756
756
760
766
769
774
779
780
781
782
783
783
786
788
788
793
795
796
803
804
805
807
814
815
815
837
838
839
840
841
841
842
842
843
844
845
846
846
847
848
851
852
852
859
859
866
867
882
883
887
892
898
898
901
902
906
907
907
908
918
918
920
920
923
923
923
925
926
930
952
952
959
960
960
961
964
964
966
968
975
975
976
977
984
985
986
987
988
991
997
997
1000
1000
1002
1002
1008
1011
1011
1014
1015
1015
1018
1019
1025
1027
1028
1029
1031
1033
1035
1037
1038
1039
1040
1045
1047
1054
1056
1057
1059
1060
1061
1063
1065
1069
1070
1074
1075
1075
1081
1084
1089
1089
1090
1090
1100
1100
1103
1105
1106
1109
1112
1118
1122
1123
1130
1133
1137
1138
1139
1150
1151
1153
1155
1158
1160
1167
1170
1172
1178
1182
1185
1185
1189
1193
1195
1202
1202
1212
1212
1216
1227
1227
