44
45
53
54
57
64
64
66
67
67
68
70
72
73
75
80
85
86
87
87
88
96
99
107
109
110
111
115
119
124
135
143
158
159
174
178
187
190
191
201
208
209
232
234
262
263
273
274
275
282
282
286
308
309
310
314
316
317
325
329
339
351
361
363
370
400
401
422
426
427
431
433
439
441
443
444
444
447
456
471
471
475
482
490
493
504
512
517
518
526
527
528
531
531
532
546
557
559
561
572
579
591
592
598
607
610
618
628
635
645
648
657
660
663
665
672
672
674
674
678
679
683
701
708
710
712
714
715
716
717
727
728
729
744
751
757
758
759
762
765
765
769
779
779
808
810
814
815
815
824
828
829
830
838
847
851
851
886
887
902
915
924
926
945
971
973
990
1000
1000
1011
1018
1022
1053
1062
1063
1065
1069
1072
1082
1086
1103
1105
1106
1118
1123
1126
1129
1133
1142
1148
1152
1158
1160
1160
1166
1170
1193
1195
1212
1216
1219
1220
1220
1220
1227
