56
58
64
65
72
75
77
78
82
83
84
85
88
89
97
98
103
107
110
113
116
121
125
128
131
133
148
159
163
167
174
177
191
194
195
204
209
214
217
221
222
227
228
233
263
265
271
273
279
283
314
351
353
362
367
370
384
389
390
403
407
418
425
431
441
444
448
448
449
463
469
474
476
479
484
484
490
493
493
498
504
514
515
518
530
531
547
558
560
570
572
595
605
606
616
621
637
649
651
652
653
661
669
670
680
682
690
695
700
704
707
710
714
717
718
721
730
745
751
760
764
770
771
781
783
800
805
812
815
820
830
831
832
842
844
849
882
885
886
888
902
904
905
917
919
920
921
930
930
961
962
963
965
965
965
969
971
977
985
988
989
1000
1003
1019
1039
1053
1056
1064
1065
1074
1078
1083
1084
1092
1093
1106
1112
1114
1116
1120
1126
1129
1139
1155
1160
1161
1164
1179
1182
1183
1190
1205
1208
1231
